# Created by Octave 5.2.0, Sat Jun 13 04:08:32 2020 GMT <unknown@PC-Sobremesa>
# name: a
# type: matrix
# rows: 3
# columns: 2
 1 2
 3 4
 5 6


